Step Size,Wavelength (µm),"Strip 325 330, morning/midday, lat 30 - Back","Strip 325 330, morning/midday, lat 30","Strip 325 330, morning/midday, lat 0 - Back","Strip 325 330, morning/midday, lat 0","Strip 325 330, morning/midday, lat -30 - Back","Strip 325 330, morning/midday, lat -30","Strip 295 305, morning/midday, lat 60 - Back","Strip 295 305, morning/midday, lat 60","Strip 295 305, morning/midday, lat 30 - Back","Strip 295 305, morning/midday, lat 30","Strip 295 305, morning/midday, lat 0 - Back","Strip 295 305, morning/midday, lat 0","Strip 295 305, morning/midday, lat -30 - Back","Strip 295 305, morning/midday, lat -30","Strip 240 250, morning/midday, lat 60 - Back","Strip 240 250, morning/midday, lat 60","Strip 240 250, morning/midday, lat 30 - Back","Strip 240 250, morning/midday, lat 30","Back = Strip 240 250, morning/midday, lat -30"
0.03993,0.46099,-0.020805,0.73383,0.0073187,0.76196,0.20118,0.95581,0.15679,0.91143,0.14526,0.89989,0.030394,0.78503,0.086746,0.84138,0.2282,0.98284,0.077972,0.83261,0.75464
0.03992,0.50092,-0.070086,0.84618,-0.05159,0.86467,0.16634,1.0826,0.14971,1.066,0.12459,1.0409,-0.025042,0.89122,0.049061,0.96532,3.40E+38,3.40E+38,0.069836,0.9861,0.91626
0.03992,0.54084,-0.11056,0.84613,-0.089018,0.86767,0.14826,1.105,0.11678,1.0735,0.046913,1.0036,-0.075746,0.88095,0.031726,0.98842,3.40E+38,3.40E+38,0.034699,0.99139,0.95669
0.03993,0.58076,-0.1106,0.86259,-0.090397,0.88279,0.12067,1.0939,0.10629,1.0795,0.018182,0.99137,-0.10905,0.86414,0.028246,1.0014,0.095779,1.069,0.031362,1.0045,0.97319
0.03992,0.62069,-0.099762,0.85225,-0.073678,0.87833,0.11705,1.0691,0.10626,1.0583,0.03511,0.98712,-0.091118,0.86089,0.035011,0.98702,0.10278,1.0548,0.037839,0.98985,0.95201
0.03993,0.66061,-0.08808,0.8484,-0.069507,0.86698,0.12402,1.0605,0.094455,1.0309,0.030265,0.96675,-0.088837,0.84765,0.03702,0.9735,0.08735,1.0238,0.037925,0.97441,0.93648
0.02994,0.70054,-0.10413,0.87373,-0.078909,0.89895,0.10251,1.0804,0.082621,1.0605,-0.0037838,0.97407,-0.10334,0.87452,0.028672,1.0065,0.049627,1.0275,0.025944,1.0038,0.97786
0.01996,0.73048,-0.11995,0.87163,-0.080334,0.91124,0.091664,1.0832,0.065477,1.0571,-0.0076185,0.98396,-0.10849,0.88309,0.030464,1.022,0.048659,1.0402,0.023144,1.0147,0.99158
0.01996,0.75044,-0.12236,0.87365,-0.089205,0.9068,0.082733,1.0787,0.06017,1.0562,-0.01015,0.98585,-0.11059,0.88541,0.019347,1.0153,0.068564,1.0646,0.017978,1.014,0.996
0.01997,0.7704,-0.11577,0.87286,-0.089397,0.89923,0.087793,1.0764,0.065227,1.0539,-0.022012,0.96661,-0.1093,0.87933,0.023422,1.012,0.057753,1.0464,0.020953,1.0096,0.98863
0.01996,0.79037,-0.093164,0.87612,-0.063498,0.90578,0.11689,1.0862,0.080266,1.0495,0.0071085,0.97639,-0.083378,0.8859,0.045122,1.0144,0.0604,1.0297,0.029636,0.99892,0.96928
0.01996,0.81033,-0.089792,0.87183,-0.061915,0.8997,0.11176,1.0734,0.084938,1.0466,0.010998,0.97262,-0.077046,0.88457,0.043273,1.0049,0.090078,1.0517,0.0255,0.98712,0.96162
0.01996,0.83029,-0.084366,0.86412,-0.058457,0.89003,0.10783,1.0563,0.090556,1.039,0.015994,0.96448,-0.069144,0.87935,0.042555,0.99104,0.12054,1.069,0.021255,0.96974,0.94849
0.01996,0.85025,-0.085582,0.88472,-0.069958,0.90034,0.089092,1.0594,0.082429,1.0527,0.017066,0.98736,-0.065055,0.90524,0.033972,1.0043,0.1302,1.1005,0.018232,0.98853,0.9703
0.01996,0.87021,-0.066842,0.90142,-0.057893,0.91036,0.091134,1.0594,0.082193,1.0505,0.016389,0.98465,-0.06905,0.89921,0.024072,0.99233,0.10783,1.0761,0.032901,1.0012,0.96826
0.01997,0.89017,-0.064095,0.90269,-0.069532,0.89725,0.089951,1.0567,0.078304,1.0451,0.033039,0.99982,-0.068025,0.89876,0.038527,1.0053,0.088186,1.055,0.035006,1.0018,0.96678
0.01996,0.91014,-0.068707,0.90205,-0.066339,0.90442,0.081719,1.0525,0.070833,1.0416,0.022597,0.99336,-0.073268,0.89749,0.028185,0.99895,0.092086,1.0628,0.03054,1.0013,0.97076
0.01996,0.9301,-0.0604,0.9077,-0.062497,0.9056,0.10582,1.0739,0.065075,1.0332,0.022113,0.99021,-0.074979,0.89312,0.026649,0.99475,0.086618,1.0547,0.027996,0.9961,0.9681
0.01996,0.95006,-0.057624,0.90511,-0.061912,0.90082,0.10193,1.0647,0.061008,1.0237,0.010033,0.97277,-0.096432,0.8663,0.020161,0.98289,0.048464,1.0112,0.029316,0.99205,0.96273
0.01996,0.97002,-0.066712,0.90707,-0.075621,0.89816,0.075271,1.0491,0.058482,1.0323,0.011372,0.98516,-0.098465,0.87532,0.026419,1.0002,0.044084,1.0179,0.017933,0.99172,0.97378
0.02002,0.98998,-0.076992,0.90554,-0.083232,0.8993,0.077515,1.06,0.041676,1.0242,-0.027674,0.95486,-0.1055,0.87703,0.020331,1.0029,0.012847,0.99538,0.015383,0.99792,0.98253
0.0199,1.01,-0.073776,0.91282,-0.082523,0.90407,0.0692,1.0558,0.043239,1.0298,-0.029513,0.95708,-0.10534,0.88126,0.022821,1.0094,0.015655,1.0023,0.015507,1.0021,0.9866
0.02,1.0299,-0.068753,0.92065,-0.086954,0.90245,0.054547,1.044,0.044913,1.0343,-0.023287,0.96612,-0.10816,0.88124,0.017767,1.0072,-0.00080818,0.9886,0.012426,1.0018,0.9894
0.0199,1.0499,-0.065528,0.92092,-0.070349,0.9161,0.052359,1.0388,0.047069,1.0335,-0.033186,0.95327,-0.099181,0.88727,0.022519,1.009,-0.0041429,0.98231,0.014659,1.0011,0.98645
0.02,1.0698,-0.061856,0.92055,-0.070618,0.91179,0.052122,1.0345,0.047477,1.0299,-0.035249,0.94716,-0.09047,0.89193,0.019777,1.0022,0.0059136,0.98832,0.012278,0.99468,0.98241
0.02,1.0898,-0.058278,0.92562,-0.057608,0.92629,0.038308,1.0222,0.047141,1.031,-0.026404,0.95749,-0.078116,0.90578,0.021119,1.005,-0.0082307,0.97566,0.0099822,0.99388,0.98389
0.0199,1.1098,-0.053712,0.92468,-0.046089,0.93231,0.046493,1.0249,0.046238,1.0246,-0.02938,0.94902,-0.073208,0.90519,0.020677,0.99907,-0.001637,0.97676,0.012929,0.99133,0.9784
0.02,1.1297,-0.055507,0.92482,-0.036559,0.94377,0.041999,1.0223,0.047177,1.0275,-0.022359,0.95797,-0.064923,0.9154,0.020716,1.001,-0.007406,0.97292,0.012603,0.99293,0.98033
0.0199,1.1497,-0.053538,0.92864,-0.033675,0.94851,0.03829,1.0205,0.042554,1.0247,-0.020868,0.96131,-0.057628,0.92455,0.02184,1.004,-0.010123,0.97206,0.010185,0.99237,0.98218
0.02,1.1696,-0.054275,0.92884,-0.030081,0.95303,0.039718,1.0228,0.043598,1.0267,-0.020644,0.96247,-0.052363,0.93075,0.020124,1.0032,-0.012315,0.9708,0.01198,0.99509,0.98311
0.02,1.1896,-0.049572,0.93076,-0.020495,0.95984,0.041965,1.0223,0.045301,1.0256,-0.014906,0.96543,-0.050972,0.92936,0.019844,1.0002,-0.010894,0.96944,0.010221,0.99055,0.98033
0.0199,1.2096,-0.048725,0.93419,-0.023032,0.95989,0.034603,1.0175,0.045783,1.0287,-0.01217,0.97075,-0.051525,0.93139,0.016677,0.99959,-0.0066948,0.97622,0.014122,0.99704,0.98292
0.02,1.2295,-0.054362,0.93096,-0.024078,0.96124,0.03815,1.0235,0.039556,1.0249,-0.014628,0.97069,-0.050787,0.93453,0.016257,1.0016,-0.012287,0.97303,0.0067592,0.99208,0.98532
0.02,1.2495,-0.051126,0.93853,-0.02572,0.96393,0.03712,1.0268,0.039573,1.0292,-0.024655,0.965,-0.047396,0.94226,0.016625,1.0063,-0.012729,0.97692,0.0085025,0.99815,0.98965
0.0199,1.2695,-0.049867,0.93717,-0.019695,0.96734,0.045496,1.0325,0.035827,1.0229,-0.018101,0.96893,-0.046531,0.9405,0.013381,1.0004,-0.0077522,0.97928,0.0088954,0.99593,0.98703
0.02,1.2894,-0.049312,0.93831,-0.022193,0.96543,0.043222,1.0308,0.035652,1.0233,-0.017619,0.97,-0.044947,0.94267,0.014965,1.0026,-0.018147,0.96947,0.0085709,0.99619,0.98762
0.0199,1.3094,-0.055785,0.93883,-0.024326,0.97029,0.037097,1.0317,0.025323,1.0199,-0.022927,0.97169,-0.04915,0.94546,0.0086117,1.0032,-0.026846,0.96777,0.0045663,0.99918,0.99461
0.02,1.3293,-0.055868,0.94085,-0.028449,0.96827,0.032205,1.0289,0.022487,1.0192,-0.037635,0.95909,-0.051654,0.94507,0.0067547,1.0035,-0.012209,0.98451,0.0069268,1.0036,0.99672
0.02,1.3493,-0.058945,0.94128,-0.02914,0.97109,0.036479,1.0367,0.018479,1.0187,-0.025628,0.9746,-0.04475,0.95548,0.0069472,1.0072,-0.020494,0.97973,0.0070709,1.0073,1.0002
0.0199,1.3693,-0.054864,0.93624,-0.030379,0.96072,0.045869,1.037,0.026453,1.0176,-0.02018,0.97092,-0.05024,0.94086,0.0095446,1.0006,-0.016647,0.97445,0.0030487,0.99415,0.9911
0.02,1.3892,-0.060247,0.93575,-0.032301,0.96369,0.03175,1.0277,0.018963,1.015,-0.021932,0.97406,-0.04585,0.95014,0.010417,1.0064,-0.023687,0.97231,0.0030411,0.99904,0.996
0.02,1.4092,-0.06372,0.94466,-0.032553,0.97582,0.040495,1.0489,0.0057216,1.0141,-0.03061,0.97777,-0.054282,0.95409,0.0058982,1.0143,-0.024415,0.98396,0.0012434,1.0096,1.0084
0.0199,1.4292,-0.058269,0.95023,-0.033984,0.97452,0.02772,1.0362,0.012738,1.0212,-0.033161,0.97534,-0.045886,0.96261,0.0055106,1.014,-0.021772,0.98673,-0.0020974,1.0064,1.0085
0.02,1.4491,-0.060715,0.93707,-0.031103,0.96669,0.036197,1.034,0.016593,1.0144,-0.028991,0.9688,-0.036013,0.96178,0.0091836,1.007,-0.02228,0.97551,0.0049689,1.0028,0.99779
0.0199,1.4691,-0.063298,0.9471,-0.03477,0.97563,0.034524,1.0449,0.0086251,1.019,-0.028865,0.98153,-0.050453,0.95994,0.0045773,1.015,-0.015605,0.99479,0.0029378,1.0133,1.0104
0.02,1.489,-0.061756,0.94012,-0.030389,0.97149,0.03997,1.0418,0.0071876,1.0091,-0.021966,0.97991,-0.043351,0.95853,0.0075754,1.0095,-0.029922,0.97196,0.0061899,1.0081,1.0019
0.02,1.509,-0.056453,0.93882,-0.023582,0.9717,0.036724,1.032,0.014034,1.0093,-0.016164,0.97911,-0.038429,0.95685,0.0138,1.0091,-0.0096077,0.98567,0.0039991,0.99928,0.99528
0.0199,1.529,-0.063691,0.95243,-0.033552,0.98257,0.015602,1.0317,2.41E-05,1.0161,-0.02133,0.99479,-0.049381,0.96674,-0.003091,1.013,-0.017707,0.99842,0.0016847,1.0178,1.0161
0.03,1.5489,-0.058188,0.9536,-0.029366,0.98242,0.019164,1.0309,0.0014673,1.0133,-0.018843,0.99294,-0.040864,0.97092,-0.00050271,1.0113,-0.027475,0.98431,-0.00075054,1.011,1.0118
0.0399,1.5789,-0.050635,0.95377,-0.023923,0.98049,0.02238,1.0268,0.004639,1.009,-0.014746,0.98966,-0.030612,0.9738,0.0030357,1.0074,-0.035559,0.96885,-0.0028034,1.0016,1.0044
0.0399,1.6188,-0.047079,0.95438,-0.021887,0.97957,0.026492,1.028,0.0017438,1.0032,-0.014125,0.98733,-0.031271,0.97019,0.00014448,1.0016,-0.027152,0.97431,-0.0032505,0.99821,1.0015
0.0399,1.6587,-0.042057,0.95677,-0.014295,0.98453,0.016863,1.0157,-0.0022224,0.99661,-0.013416,0.98541,-0.024868,0.97396,0.0030578,1.0019,-0.017225,0.9816,-0.00046158,0.99837,0.99883
0.04,1.6986,-0.035586,0.96756,-0.0071698,0.99598,0.017612,1.0208,0.00064659,1.0038,-0.0055072,0.99764,-0.018519,0.98463,0.0036023,1.0068,-0.016285,0.98686,-0.00080395,1.0023,1.0031
0.0399,1.7386,-0.028904,0.97495,-0.0027666,1.0011,0.01185,1.0157,0.0042825,1.0081,-0.0035642,1.0003,-0.0092164,0.99463,0.0059584,1.0098,-0.02358,0.98027,0.001177,1.005,1.0038
0.0399,1.7785,-0.025433,0.97823,0.0017678,1.0054,0.010149,1.0138,0.0037867,1.0074,0.0024568,1.0061,-0.0019388,1.0017,0.0046465,1.0083,-0.019275,0.98439,0.0017973,1.0055,1.0037
0.0399,1.8184,-0.018134,0.98172,0.0057991,1.0057,0.014258,1.0141,0.0081815,1.008,0.0049393,1.0048,0.00084805,1.0007,0.0083728,1.0082,-0.014969,0.98488,0.0018157,1.0017,0.99985
0.0399,1.8583,-0.011853,0.98396,0.011911,1.0077,0.013336,1.0092,0.0048814,1.0007,0.0097598,1.0056,0.0015542,0.99737,0.007103,1.0029,-0.017079,0.97874,0.0025268,0.99834,0.99582
0.04,1.8982,-0.007243,0.98197,0.01805,1.0073,0.011189,1.0004,0.010893,1.0001,0.01503,1.0042,0.0083717,0.99758,0.0095589,0.99877,-0.0086409,0.98057,0.0049462,0.99416,0.98921
0.0399,1.9382,-0.0016774,0.99087,0.014686,1.0072,0.008481,1.001,0.010605,1.0032,0.015891,1.0084,0.0092912,1.0018,0.0081314,1.0007,0.0013994,0.99395,0.0047253,0.99728,0.99255
0.0399,1.9781,-0.0012555,0.98895,0.017519,1.0077,0.014922,1.0051,0.011187,1.0014,0.020116,1.0103,0.013883,1.0041,0.010534,1.0007,0.002215,0.99243,0.0049809,0.99519,0.99021
0.0399,2.018,-0.0004245,0.99473,0.017146,1.0123,0.010847,1.006,0.010739,1.0059,0.022828,1.018,0.014089,1.0092,0.0095986,1.0048,0.0043897,0.99955,0.005168,1.0003,0.99516
0.04,2.0579,0.0065039,0.99865,0.019114,1.0113,0.010249,1.0024,0.009938,1.0021,0.022905,1.015,0.014555,1.0067,0.012582,1.0047,0.0011132,0.99325,0.0052301,0.99737,0.99214
0.0399,2.0979,0.0036385,0.99821,0.017735,1.0123,0.014133,1.0087,0.0076078,1.0022,0.018106,1.0127,0.013697,1.0083,0.0095139,1.0041,0.0028876,0.99746,0.0051884,0.99976,0.99458
0.0399,2.1378,0.0051647,0.99516,0.016331,1.0063,0.012294,1.0023,0.0074969,0.99749,0.015523,1.0055,0.013422,1.0034,0.010297,1.0003,-0.00642,0.98357,0.0023994,0.99239,0.98999
0.0399,2.1777,0.0043448,1.0016,0.014458,1.0118,0.0046799,1.002,0.0059339,1.0032,0.012446,1.0098,0.016726,1.014,0.0080062,1.0053,-0.003867,0.99344,0.001951,0.99925,0.9973
0.04,2.2176,0.0076161,0.99803,0.012375,1.0028,0.0093704,0.99978,0.0090634,0.99947,0.0091372,0.99955,0.013122,1.0035,0.010338,1.0007,-0.0053176,0.98509,0.0034639,0.99387,0.99041
0.0399,2.2576,0.0063479,1.0021,0.010137,1.0058,0.0081058,1.0038,0.0073153,1.003,0.0065428,1.0023,0.011317,1.007,0.0063753,1.0021,-0.0012136,0.9945,0.0037128,0.99943,0.99571
0.0399,2.2975,0.0034587,1.0027,0.006904,1.0061,0.0070927,1.0063,0.0048392,1.0041,0.0078783,1.0071,0.0093095,1.0085,0.0018598,1.0011,-0.00032663,0.99891,0.00089347,1.0001,0.99924
0.0399,2.3374,0.0048232,0.99861,0.0049565,0.99874,0.0081807,1.002,0.0025008,0.99629,0.002315,0.9961,0.0072173,1.001,0.0055515,0.99934,0.0023652,0.99615,0.0011154,0.9949,0.99379
0.04,2.3773,0,1,1.19E-07,1,1.19E-07,1,0,1,0,1,0,1,0,1,0,1,0,1,1
0.0399,2.4173,-0.0040128,0.99094,-0.0056902,0.98927,0.0030943,0.99805,-7.22E-05,0.99488,-0.0063028,0.98865,-0.0037353,0.99122,-4.84E-05,0.99491,-0.0067289,0.98823,-0.0017897,0.99317,0.99496
0.0399,2.4572,0.0031976,0.99198,-0.0065082,0.98227,0.0028911,0.99167,-0.0011041,0.98767,-0.014669,0.97411,-0.0049793,0.9838,0.00011587,0.98889,-0.0082831,0.9805,-0.00098377,0.98779,0.98878
0.0399,2.4971,-0.00088161,0.99152,-0.010928,0.98148,-0.0013023,0.9911,-0.00029224,0.99211,-0.017223,0.97518,-0.0099175,0.98249,-0.0018269,0.99058,-0.0064618,0.98594,-0.00066733,0.99174,0.99241
0.04,2.537,-0.0009048,0.98663,-0.015549,0.97198,0.00089818,0.98843,0.0045056,0.99204,-0.024589,0.96294,-0.016552,0.97098,-0.0021213,0.98541,-0.0063538,0.98118,0.0011184,0.98865,0.98753
0.0399,2.577,-0.0074447,0.98011,-0.03179,0.95576,-0.0065778,0.98097,-6.15E-05,0.98749,-0.028735,0.95882,-0.023675,0.96388,-0.0071278,0.98042,-0.010268,0.97728,-0.0014022,0.98615,0.98755
0.0399,2.6169,-0.0054913,0.98512,-0.033685,0.95692,-0.0099097,0.9807,-0.0016595,0.98895,-0.037343,0.95327,-0.033887,0.95672,-0.012194,0.97841,-0.0024853,0.98812,-0.0022405,0.98837,0.99061
0.0399,2.6568,-0.011703,0.9825,-0.043561,0.95064,-0.011633,0.98257,-0.0042149,0.98999,-0.043687,0.95052,-0.047889,0.94631,-0.017032,0.97717,-0.0074531,0.98675,-0.0046418,0.98956,0.9942
0.04,2.6967,-0.017999,0.97431,-0.055726,0.93658,-0.012286,0.98003,-0.0076579,0.98465,-0.061621,0.93069,-0.064638,0.92767,-0.02388,0.96843,-0.018743,0.97357,-0.0055231,0.98679,0.99231
0.0399,2.7367,-0.015276,0.95088,-0.066693,0.89946,-0.012809,0.95335,-0.0015897,0.96457,-0.076551,0.88961,-0.083326,0.88283,-0.022854,0.9433,-0.026858,0.9393,-0.0058763,0.96028,0.96616
0.0399,2.7766,-0.017484,0.93878,-0.074719,0.88155,-0.0067143,0.94955,0.0011662,0.95743,-0.086276,0.86999,-0.10122,0.85504,-0.026671,0.92959,-0.033747,0.92252,-0.0043185,0.95195,0.95627
0.0399,2.8165,-0.019879,0.93,-0.094273,0.8556,-0.014618,0.93526,-0.0056217,0.94425,-0.10938,0.8405,-0.12692,0.82296,-0.039139,0.91074,-0.048594,0.90128,-0.0075551,0.94232,0.94987
0.0399,2.8564,-0.018073,0.92556,-0.10926,0.83437,-0.027934,0.9157,0.00062478,0.94426,-0.12383,0.81981,-0.15054,0.7931,-0.043268,0.90037,-0.04599,0.89764,-0.0079893,0.93565,0.94363
0.04,2.8963,-0.016012,0.9279,-0.12463,0.81928,-0.03949,0.90442,-0.0053403,0.93857,-0.13709,0.80682,-0.17187,0.77204,-0.048925,0.89498,-0.051381,0.89253,-0.003354,0.94056,0.94391
,2.9363,-0.018065,0.94102,-0.16416,0.79492,-0.067807,0.89128,-0.014019,0.94507,-0.15975,0.79934,-0.2119,0.74719,-0.061645,0.89744,-0.060178,0.89891,0.0012444,0.96033,0.95908